057
064
468
238
609
421
590
011
154
480
606
572
127
639
399
200
416
145
423
600
529
419
172
592
405
307
483
189
149
506
100
375
021
139
469
638
106
549
360
012
044
034
425
146
327
134
581
519
169
279
551
631
329
542
539
188
212
028
180
436
006
171
568
330
234
589
524
571
087
059
176
086
261
077
195
602
175
009
611
273
390
306
161
032
344
562
325
458
447
406
020
448
487
647
462
467
520
163
624
158
232
047
295
043
397
617
209
155
645
105
424
398
166
461
604
181
605
517
516
299
133
427
207
060
222
463
619
464
620
559
465
096
048
174
343
291
435
357
247
636
097
614
285
443
579
184
585
007
199
102
138
038
569
079
457
442
292
024
088
191
347
246
297
503
486
322
538
378
521
002
565
533
178
414
439
337
393
445
341
474
511
065
092
182
528
509
298
338
258
632
157
190
202
340
249
376
312
541
228
630
411
545
434
407
629
129
514
367
432
404
052
022
093
153
257
229
223
070
046
583
136
361
377
364
090
402
122
601
370
371
392
124
618
403
475
561
597
649
355
472
348
625
005
262
388
091
328
550
387
015
130
054
366
245
555
255
479
578
650
271
582
089
018
362
125
426
543
063
412
051
523
420
231
318
113
041
359
373
507
217
001
296
374
455
342
352
058
587
107
510
115
036
501
431
173
288
552
204
615
045
142
237
383
148
061
254
335
224
290
203
453
035
256
156
033
230
482
073
324
598
535
385
226
470
081
198
042
293
622
143
534
267
248
277
566
263
308
504
418
323
080
071
017
104
548
557
103
095
473
019
281
389
233
368
450
211
010
278
023
488
243
159
121
084
311
014
177
067
300
135
494
219
319
165
526
588
050
466
116
210
430
381
454
554
570
128
003
192
560
449
082
356
314
395
026
591
066
576
558
363
413
400
333
648
612
326
186
536
280
481
456
131
495
162
484
236
215
283
633
642
567
460
594
382
525
205
379
485
365
287
358
518
114
242
301
235
452
410
532
309
068
596
196
331
640
563
497
187
321
627
151
471
225
613
496
422
284
098
628
179
197
183
303
216
260
310
305
251
259
641
637
078
586
433
635
040
276
512
266
076
476
062
574
513
118
201
391